0. 0.
6331.83333333 1943.00841806
5677.2580849 1474.97868411
5834.93145189 1294.41287187
5895.76181696 1086.55651685
5965.78602476 887.938381025
6032.697992 694.139763905
6097.98632362 505.51976956
6161.53004197 321.884644387
6223.3944202 143.109104636
6283.62166485 -30.9362029076
6342.25535339 -200.376347978
6399.33762026 -365.333191385
6454.90951885 -525.925357858
6509.01101233 -682.268334742
6561.68100695 -834.474553484
6612.95737947 -982.653470667
6662.87700443 -1126.91164671
6711.47578071 -1267.35282248
6758.78865732 -1404.07799394
6804.84965852 -1537.18548472
6849.69190832 -1666.77101687
6893.34765428 -1792.92777969
6935.84829071 -1915.74649672
6977.22438125 -2035.31549101
7017.50568081 -2151.72074862
7056.72115703 -2265.04598046
7094.89901108 -2375.3726825
7132.06669791 -2482.78019436
7168.25094606 -2587.34575638
7203.47777684 -2689.14456514
7237.77252302 -2788.24982758
7271.15984712 -2884.7328136
7303.66375907 -2978.66290734
7335.30763353 -3070.10765708
7366.11422666 -3159.1328238
7396.10569251 -3245.80242847
7425.30359895 -3330.1787981
7453.72894318 -3412.32261055
7481.4021668 -3492.2929382
7508.34317055 -3570.14729039
7534.57132862 -3645.94165477
7560.10550255 -3719.73053761
7584.96405482 -3791.56700296
7609.16486204 -3861.50271084
7632.72532783 -3929.58795434
7655.6623953 -3995.87169584
7677.99255927 -4060.4016022
7699.73187809 -4123.22407903
7720.89598526 -4184.38430407
7741.50010057 -4243.92625969
7761.55904115 -4301.8927645
7781.08723204 -4358.32550416
7800.09871661 -4413.26506132
7818.60716668 -4466.75094487
7836.62589227 -4518.82161829
7854.16785127 -4569.51452735
7871.24565867 -4618.86612701
7887.8715957 -4666.91190766
7904.05761862 -4713.68642062
7919.81536736 -4759.22330302
7935.15617383 -4803.55530194
7950.09107012 -4846.71429801
7964.6307964 -4888.73132831
7978.7858087 -4929.63660869
7992.56628634 -4969.4595555
8005.98213934 -5008.22880676
8019.04301547 -5045.97224274
8031.75830726 -5082.71700599
8044.13715869 -5118.48952091
8056.18847181 -5153.31551271
8067.92091312 -5187.22002593
8079.34291982 -5220.22744243
8090.46270584 -5252.36149895
8101.28826781 -5283.64530416
8111.82739074 -5314.10135531
8122.08765367 -5343.75155435
8132.0764351 -5372.61722372
8141.80091829 -5400.71912171
8151.26809645 -5428.07745732
8160.48477774 -5454.71190486
8169.45759018 -5480.64161803
8178.19298643 -5505.88524376
8186.69724839 -5530.4609356
8194.97649178 -5554.38636674
8203.03667046 -5577.67874276
8210.88358078 -5600.35481398
8218.52286573 -5622.43088753
8225.96001896 -5643.92283905
8233.20038878 -5664.84612413
8240.24918198 -5685.21578939
8247.11146758 -5705.04648334
8253.79218049 -5724.3524669
8260.29612503 -5743.14762365
8266.62797839 -5761.44546981
8272.79229404 -5779.25916397
8278.79350494 -5796.60151657
8284.63592675 -5813.48499905
8290.32376095 -5829.92175291
8295.86109787 -5845.92359836
8301.25191958 -5861.50204287
8306.5001028 -5876.66828941
8311.60942168 -5891.43324453
8316.5835505 -5905.80752622
8321.42606632 -5919.8014715
8326.14045156 -5933.42514388
8330.73009649 -5946.6883406
8335.19830168 -5959.60059967
8339.54828035 -5972.17120672
8343.78316074 -5984.40920171
8347.90598827 -5996.32338538
8351.91972783 -6007.92232562
8355.82726581 -6019.21436361
8359.63141226 -6030.20761985
8363.33490286 -6040.90999994
8366.94040094 -6051.32920032
8370.45049931 -6061.4727138
8373.8677222 -6071.3478349
8377.19452706 -6080.96166517
8380.43330631 -6090.32111823
8383.58638905 -6099.43292477
8386.65604278 -6108.30363739
8389.64447498 -6116.93963534
8392.55383473 -6125.34712903
8395.38621426 -6133.53216458
8398.14365043 -6141.50062812
8400.82812619 -6149.25825004
8403.44157204 -6156.81060911
8405.98586741 -6164.16313648
8408.46284197 -6171.32111959
8410.87427701 -6178.289706
8413.22190666 -6185.07390705
8415.50741919 -6191.67860148
8417.73245819 -6198.10853895
8419.89862375 -6204.36834344
8422.00747363 -6210.46251659
8424.06052439 -6216.39544092
8426.05925244 -6222.17138299
8428.00509512 -6227.79449649
8429.89945177 -6233.26882517
8431.74368467 -6238.59830581
8433.53912008 -6243.78677102
8435.28704915 -6248.83795199
8436.98872889 -6253.75548121
8438.64538301 -6258.54289502
8440.25820288 -6263.20363623
8441.82834833 -6267.74105652
8443.35694851 -6272.1584189
8444.84510268 -6276.45890005
8446.29388102 -6280.64559259
8447.70432541 -6284.72150731
8449.07745013 -6288.68957533
8450.41424264 -6292.55265022
8451.71566429 -6296.31351006
8452.98265095 -6299.9748594
8454.21611378 -6303.53933124
8455.41693979 -6307.00948891
8456.58599253 -6310.38782792
8457.72411271 -6313.67677775
8458.8321188 -6316.87870358
8459.91080758 -6319.99590803
8460.9609548 -6323.03063279
8461.98331564 -6325.98506022
8462.97862531 -6328.86131496
8463.94759958 -6331.66146542
8464.89093526 -6334.38752528
8465.80931075 -6337.04145493
8466.70338648 -6339.62516292
8467.5738054 -6342.14050726
8468.42119347 -6344.58929683
8469.24616007 -6346.97329264
8470.04929846 -6349.29420909
8470.8311862 -6351.55371523
8471.59238557 -6353.75343596
8472.33344399 -6355.89495316
8473.05489437 -6357.97980687
8473.75725552 -6360.00949638
8474.44103254 -6361.9854813
8475.10671717 -6363.90918264
8475.7547881 -6365.78198378
8476.3857114 -6367.60523154
8476.99994077 -6369.38023705
8477.59791794 -6371.10827679
8478.18007293 -6372.79059345
8478.74682439 -6374.42839685
8479.29857988 -6376.02286477
8479.83573619 -6377.57514385
8480.35867961 -6379.0863504
8480.8677862 -6380.55757116
8481.36342209 -6381.98986415
8481.84594369 -6383.38425937
8482.31569801 -6384.74175958
8482.77302286 -6386.06334101
8483.21824713 -6387.34995404
8483.65169097 -6388.60252392
8484.07366611 -6389.82195142
8484.48447599 -6391.00911348
8484.88441605 -6392.1648638
8485.27377389 -6393.29003355
8485.65282951 -6394.38543185
8486.02185551 -6395.45184646
8486.38111726 -6396.49004426
8486.73087312 -6397.50077186
8487.07137461 -6398.48475611
8487.40286661 -6399.44270462
8487.72558748 -6400.37530628
8488.03976933 -6401.28323176
8488.34563807 -6402.16713398
8488.64341368 -6403.02764858
8488.93331029 -6403.86539439
8489.21553639 -6404.68097386
8489.49029491 -6405.4749735
8489.75778347 -6406.2479643
8490.01819441 -6407.00050214
8490.271715 -6407.7331282
8490.51852756 -6408.44636934
8490.75880958 -6409.14073847
8490.99273386 -6409.81673493
8491.22046862 -6410.47484486
8491.44217763 -6411.11554153
8491.65802033 -6411.73928568
8491.86815194 -6412.34652586
8492.07272357 -6412.93769877
8492.27188233 -6413.51322954
8492.46577145 -6414.07353204
8492.65453036 -6414.61900922
8492.8382948 -6415.15005334
8493.01719693 -6415.66704629
8493.19136539 -6416.17035986
8493.36092544 -6416.66035601
8493.52599902 -6417.1373871
8493.68670483 -6417.60179618
8493.84315844 -6418.05391722
8493.99547237 -6418.49407537
8494.14375615 -6418.92258715
8494.28811641 -6419.33976071
8494.42865697 -6419.74589607
8494.5654789 -6420.14128529
8494.69868058 -6420.52621271
8494.82835782 -6420.90095513
8494.95460386 -6421.26578206
8495.07750949 -6421.62095584
8495.19716309 -6421.9667319
8495.31365073 -6422.3033589
8495.42705615 -6422.63107891
8495.53746093 -6422.95012761
8495.64494445 -6423.26073444
8495.74958401 -6423.56312277
8495.85145486 -6423.85751005
8495.95063025 -6424.14410799
8496.04718151 -6424.42312269
8496.14117808 -6424.6947548
8496.23268754 -6424.95919965
8496.32177571 -6425.21664743
8496.40850664 -6425.46728326
8496.49294272 -6425.71128739
8496.57514466 -6425.94883529
8496.65517158 -6426.1800978
8496.73308103 -6426.40524121
8496.80892903 -6426.62442744
8496.88277013 -6426.8378141
8496.95465743 -6427.04555466
8497.02464263 -6427.24779851
8497.09277605 -6427.44469109
8497.1591067 -6427.63637398
8497.22368227 -6427.82298505
8497.28654921 -6428.00465847
8497.34775271 -6428.1815249
8497.4073368 -6428.35371154
8497.46534433 -6428.5213422
8497.521817 -6428.68453744
8497.57679544 -6428.84341461
8497.63031917 -6428.99808797
8497.68242669 -6429.14866875
8497.73315548 -6429.29526524
8497.782542 -6429.43798285
8497.83062178 -6429.57692423
8497.87742939 -6429.71218929
8497.9229985 -6429.8438753
8497.96736187 -6429.97207696
8498.01055141 -6430.09688647
8498.05259817 -6430.21839358
8498.0935324 -6430.33668568
8498.13338353 -6430.45184782
8498.17218022 -6430.56396283
8498.20995036 -6430.67311133
8498.24672113 -6430.77937182
8498.28251896 -6430.88282071
8498.31736959 -6430.98353239
8498.3512981 -6431.08157928
8498.38432887 -6431.17703191
8498.41648567 -6431.26995891
8498.44779161 -6431.3604271
8498.47826922 -6431.44850155
8498.5079404 -6431.53424559
8498.5368265 -6431.61772089
8498.56494828 -6431.69898747
8498.59232598 -6431.77810378
8498.61897927 -6431.85512671
8498.64492733 -6431.93011166
8498.67018882 -6432.00311253
8498.69478191 -6432.07418184
8498.71872427 -6432.14337069
8498.74203313 -6432.21072884
8498.76472525 -6432.27630473
8498.78681694 -6432.34014551
8498.8083241 -6432.40229709
8498.82926219 -6432.46280417
8498.84964627 -6432.52171027
8498.869491 -6432.57905774
8498.88881065 -6432.63488782
8498.9076191 -6432.68924067
8498.9259299 -6432.74215537
8498.9437562 -6432.79366997
8498.96111082 -6432.84382152
8498.97800625 -6432.89264608
8498.99445464 -6432.94017877
8499.01046781 -6432.98645377
8499.02605728 -6433.03150436
8499.04123426 -6433.07536293
8499.05600966 -6433.11806102
