00000000000000000000000000000000000000000000000000
00000000000000000000000000000000000000000000000000
00000000000000000000000000000000000000000000000000
11111111111111111111111111111111111111111111111111
00000000000000000000000000000000000000000000000000
11111111111111111111111111111111111111111111111111
00000000000000000000000000000000000000000000000000
11111111111111111111111111111111111111111111111111
00000000000000000000000000000000000000000000000000
1111111111100000000000000000000000000000000111111
00000000000000000000000000000000000000000000000000
11111133331111110000000000000000001111111111111111
22222223332222222200000000000022222222222
0000222222222220002222222222200222222222220
